557542575620057398824432875131759001410987819845248991300969860686969826687924798563788601865261574758245923731160070214878280645052302529906576250738292346128786633351931799446527871079569954645565095514628455498582473954189310540146268838602627640769132799859253121205070118905028746813156850220563
730454953333864139726330554810301962231427995456525127442140783824778036098311200441673298395167662887336901940148359260649505026361890808996660548335568412598576949248684853580293348944404095450376797481773982450611948486666531986502052179460842219990077315469583834728578387428852116261479808541803
356176570889742273038253523578545598010645762274430999320041478646477680266976381220094477754026351381575849046958222121568383916848128352515603637211759855330188677479959450131099172587139421296199283228893124752459116023640142468527220265491215066753254397765969291347689242477032674538322568395389
906109709786063681639522512964542079875885531918631369505685823326353249553974664621254660281772859573035652407642755284071505160541193642964819709283119818070330407994974865687633236242882172953978025820190317509069920309982707914348823032107755357213098524725757876977406112648756390834410735502751
139517580470774566418234899292862839289018393180545560177060369795980956057114465013000379923045973290960132301794924404144602257411371249231984632974871201754261167469182363771587500744374223547026583045949228388369930221795153056071247200304951578027213554229097855436483752569359229185303445184019
673327934474962861361242743332103227444548963615896336138422141788132714314542466883846507504241391099501812126883200956615920458100671305243569327125717740904280734019352116877386248225705940772585832714827190194154770051398002794066008466159107813433077815279941728757052969329347249476368391259491
551148319056897961093416197862930810194992338730310200123876269491553318052074026129285822011044578893988034039096119877381498746157091183972707147216089526224184787948199962833907663407012433734799000863312298905218085032065962828495501936090221922757044442937643721586762525417012993143574410527941
296675560437554369698646306642126045543017491331764731816006174839753860755326215649919378439093208742443881299214303126408885453859613061140000159746357168147468385174109419991003193517992599452458600472531026217517711785872259029160541701799276192330892661950246665387472161607049606007496224591263
569979060695261660762466943908538623281718467479454198201388137345587329284696926866305101679552421650709110353352863241771917485844671475015534023291861628792536273216712761880411057619354820808223839870192695140414563600323304368823470523145159166818294903165964192066781379340788371677453739539197
394045406013405365158820706225000507804997431490277356294513878213586817165176932592716254393803703582904015739327865232455886568223431240495498696803404776737240524236110365485628955604489065358611058358014658305441540006697556140581766896156543283205084662386379996126136612531130777096059858858127
402028751517101287018093300909013331138154856877903720196888971150846089112989751880641218373161887133105257667230203560369369809180644170026969045871963891911200104742585255927339613995623653294197007409721056480881688184003466525488551045156183700995091258515432459344977862969340881699350163994023
532332398652268290462031099555534784983217220567941265075962700842978667465853562494845940515881130262117875191787207845933469399842967164101420121480542052634188448871286171492003973989023683258105760843969926202165882733371309538993375233005972325923411424407432491640315052288529142559468712813647
831700839943876874779221016817418724987850861289205821195478824477049447514077064045960911208451930737556160227935449474562154109857457679303212218965229848365826184271739413318715208440858731922286227007014193698905293602519806592353175995643148772666973107128669513123893888495762388108647128382281
544994936190919205035143815308824958520947146682619966015818980015251506103990416007200251446950969050081413259912345263197633658672342938854944546215819852632655267312402232138341027206629111344362281392059830370926755689510346783084753758983597513568894227073149563183278790286231084058392840946419
575485364331310263170609602633282199252684341027532730351852018827996798011704539370813424469394239116133899806983884006172671396796529462672865641058634046882279794694325000417126777205832478977739786271674307561585834890510624043096835456953496855038365195246130701247447998875313922686123350520699
887413887144586046441698890263372013871159454410372901359083006037657327653371398998930106887373499500432642047496778542965978586643304161765021684656636907222025045740593221141746733684950417570277551188536968655936769491722070609790258154112850519994742375667271943911785840106708420998374581514211
797391789460766832762630008047093890019398578914185238095568997916543652825087009828702061500942889624075021881423742212228862246028922603539007217960069981873176166880409790684704487740170206526087471596071133720957981301262098551334464693015249182850356235872456632586799056784839619337482608009841
223422204985140390187401192017006108335523894917981076181860230169535715582037324541296676424371969418245665112712772012833407055646751116317794733127859760359806727956520978652061032502675902883692196217116324212158232472289568718780189708966421807596105689465039596674066914791970893090287423750053
841951143835739385097481623506024683308511362335919034013947073782492744808218789311879050963186290814282562840473520624875519618562610195390884791582715840943531209009374670389651100032927313539803789539586658955688555295442820562704073772800831605347632600816490469057116386663187531859799761567717
592342946714672032217475660258689291286161494874882304264065076302967646490058118409199162431704006864094996134806775238979056857706369552521813501376195989232970928133670562889050407905014335442021767014313149757993382894089428442996899769603378550080767628904121151096275154986261055363650967657379
447905653540144359854216681765410499105444292603811701879499881410500672252543279977433070643632233498559583996830047776646542695270709996326255262953260194959033261113872858984441759479649171619437930460844199239472165449956988339869047353174860451232868234707466114266897863794583446601626216185203
289956712761709443942961725249605055742115749727888419765580239000407975055202983637303228436304189371863268552207149812817554241281947316229695886008722459592997839702147143256376484896535265073685884188198317379013979139597112691779674369731530488252121076443438226048101531249328759348634379137007
323543677428755439103257172168157307229974409025376804494501050605899537673713213198912661207965771704069504807405984640264167302709957250481198255983917544559043238778351725594018532425571888187112035480231296297566500691885035155810065043614425757136142394273015547327663900182269431320260459207801
307673808494278478768073639222008816331796112177030375722536067973648965388711362045555337206832137465762818017465107797651943386021423452309455665320027434150505904307936859214049218851145195445924114973522207115149456967236959610444170207907993585338406566245106113237521305279123448041197371233129
520032620590998540527538343593052575307825707331468684988972732620454017209886132742845806333296414484160355402496297076312125384270794107544888874358410955494040624227132111284182735060344965336570962641653467200527646514733991875126762563285971888648915093544023573012272334276800490754357193272583
450895155022884250807135558186071039900069278801473939813949627218948533130556855422184104290790844970888189683723774346782484385901417941472243009180086869179255499494896369024357595791116470248691331420178399983280025632653730144096157357884234388513802925440765058587001633982177606086834679090513
876466715831810725683505491433150268144842570208866250612236783111144830362963597326613728892397178566683757719424702685868565647873877102511636555934035923133916620041494952245190466780121683619809337201448513144217984141378218025128729684916196147779129266674260840787029472153974660871502258629647
650852063017233081740344351583485355824233104209413054644197152653655683114857364785978018728274904323909739215233390173887753083668934436961525678760805521536470648857462654628726711958569051616586705494494677957189887697196536851828018219808798889676063295804030207269718814703539702105261016224651
357446314745054427192058733840392717827005070341493744178096344842476383851155157959081394941449349291489627078630422443843795756333632733006391962324100392340590126600670478048480755879140059671985314638979915109351898811909610619771750882980461171556664939960404044816054675696838456241079342114859
508242299353258860250698920948851341672291810979708179991955642661464388400949022634209879226748974570294635795773697026798736819606932023203206041216449993659412116626529714798867960173928267232442003716063136607186284596299737058731280783466250304587435304331480100822119320229008583608251575417307
367836124670268122863628211479729356321406966301119830758136667833312042159360928291877896933550603486186137757982508749394129083635437878680937218808258931056698347888078735041906941877534458802456689763958380406760792785732107251060286888297252363074210540205949664019814435701741445608707944285773
505875913507793760471965515694141399987594337603825029381827414772075467407099025328335535380966906544287747894051347349009727422948663906061209827341463484347377965783317094318631848766413110640459025151373334191058751000773516550236404367974125359266284257562827569845834863839759541298143443922641
856572869431379610943297591402270762226676055951679050485167710606378560352229631958999221013733762302205607468903037803219294943246405759789519952184893631948303804123680794430979338066756809471849962842256928279067551456818889701707915099879482040256263143002658633508099785571014128990840209278301
367938275142088036544174577135307059150444844424028531726544352370969684409955193937911036521620056569704048036341498988459054947459897002983258430465612193653530469594921688224022618468898325397853127930450842644238690964270644525927494627850436170276327646827509179553667499722541176245855851303179
365162990790718133212879811590812353739429315021342940261586019140199541701227791751087712984826376845091740459995324043510764573465822939971273074686281202258015314967658635905364924223387995255409945846413100204646619248388163983837025862862551355270755330458784183594029357230865134224575693237147
461706509819833528888937743420320377904135935393782031296287567238335750486455796506678269118794472972654187626795931913452776412572992314685377390137577742337575672584386330925060442157988462164849830356906242212111524650628201643767647124774623450888662162979797943743690945559058620736212496811687
887308792227521210668130673440673138566037930734444379732838700815491826691037303304672025308995600056204198690701356760183854837353304816995913665648489105587329620049972689366720871078692726382183124919180935249404300247659953111410109820040741114590064716568132036850752953273689383571781257838613
277511889619477413682289428692545559354047545089459692620675811049768826550361858330047569799127693855429269957833350361168423726949832781883138794667197813217534972263369788189696854035298321076968681434419691836684024344610248303247194657527550527839495966960062401514810747457024735253106874715919
620755199845667458218382232198469400024902125205771370371470228872261987592482413419232859185640437146721794690147651840865186747182767046721701522707829798266370192250349355418843442941532755062406546096165712081482820771884659141081858400185057958369343802304706563199303809531997509573277347651599
387356278487809014485236325484712666589831801057337656176437260388553916469290678792120070168084671855262109548566481358122803239451270487366021473838221885777735535937023462046279804776397540892593063150283321235158068231584623751723780740593916206232251447560283408361724164135234583597272167170049
821838976563103603086010925103635945407559686658855073294021355073465170532900266556810313758703397381755449830050944464117182334991881883057539544231966520935983726627873138375869631890676579570881686025638911045853147236203367384103243750720491229488590347571275022683346669912355842884032856613347
826702071333642316739830736245357912018430319062105503281740889247716742843027670819037703712351335954191938347027432419376217890148388083094930310853667112012704446329003726554586108918268550091443133791941050573898633205459195906043201045233983492631755252856269757775415052330332548317130459812323
810967899085746099696012396774373822993852212882544809572536757211933375030812413839832002320820381558300267692626923648158891716766035379375955557049653532427246366585630515727208363574864018636560332548632898491389552862802266651666745997975723859653376429747040020633026676380269419571419081179663
125079568950229234019686805636544640983398169105711446018519130020307179513069013812864289049242934107615849217189906359170254219033205413593294625204258693657238148342197161327835177794887775089446210118138554971852898099675656291181402476731348375137975823951625545346815251824495364161798316981627
